0.0,0.0,1.0,0.0,1.0,0.0,-1.0,0.0,0.0,0.0,0.0,0.5,0
0.0,0.0,1.0,0.0,1.0,0.0,-1.0,0.0,0.0,8.78305383975e-09,7.90533164418e-09,0.499999999994,0
0.0,0.0,1.0,0.0,1.0,0.0,-1.0,0.0,0.0,7.01669044624e-08,6.31548730477e-08,0.499999999953,0
0.0,0.0,1.0,0.0,1.0,0.0,-1.0,0.0,0.0,2.36484395309e-07,2.1285165817e-07,0.499999999841,0
0.0,0.0,1.0,0.0,1.0,0.0,-1.0,0.0,0.0,5.59776549731e-07,5.03836063515e-07,0.499999999623,0
0.0,0.0,1.0,0.0,1.0,0.0,-1.0,0.0,0.0,1.09179311291e-06,9.82686295886e-07,0.499999999264,0
-1.33180521178e-06,0.0,0.999999999999,0.0,1.0,0.0,-0.999999999999,0.0,-1.33180521178e-06,1.8839930929e-06,1.69571888015e-06,0.499999998729,0
-2.11191241797e-06,0.0,0.999999999998,0.0,1.0,0.0,-0.999999999998,0.0,-2.11191241797e-06,2.98754530469e-06,2.68898914698e-06,0.499999997984,0
-3.14808301444e-06,0.0,0.999999999995,0.0,1.0,0.0,-0.999999999995,0.0,-3.14808301444e-06,4.45332890951e-06,4.00829172063e-06,0.499999996992,0
-4.47607939047e-06,0.0,0.99999999999,0.0,1.0,0.0,-0.99999999999,0.0,-4.47607939047e-06,6.33193395805e-06,5.69916100668e-06,0.499999995719,0
-6.13145994454e-06,0.0,0.999999999981,0.0,1.0,0.0,-0.999999999981,0.0,-6.13145994454e-06,8.67366193198e-06,7.80687167982e-06,0.499999994129,0
-8.14957946748e-06,0.0,0.999999999967,0.0,1.0,0.0,-0.999999999967,0.0,-8.14957946748e-06,1.15285262857e-05,1.03764391716e-05,0.499999992185,0
-1.05655895255e-05,0.0,0.999999999944,0.0,1.0,0.0,-0.999999999944,0.0,-1.05655895255e-05,1.49462529884e-05,1.3452620158e-05,0.49999998985,0
-1.34144388432e-05,0.0,0.99999999991,0.0,1.0,0.0,-0.99999999991,0.0,-1.34144388432e-05,1.89762810652e-05,1.70799130477e-05,0.499999987086,0
-1.67308736869e-05,0.0,0.99999999986,0.0,1.0,0.0,-0.99999999986,0.0,-1.67308736869e-05,2.36677631398e-05,2.13025584692e-05,0.499999983854,0
-2.05494382473e-05,0.0,0.999999999789,0.0,1.0,0.0,-0.999999999789,0.0,-2.05494382473e-05,2.90695659754e-05,2.6164539759e-05,0.499999980114,0
-2.4904475023e-05,0.0,0.99999999969,0.0,1.0,0.0,-0.99999999969,0.0,-2.4904475023e-05,3.52302710171e-05,3.17095834492e-05,0.499999975823,0
-2.98301252031e-05,0.0,0.999999999555,0.0,1.0,0.0,-0.999999999555,0.0,-2.98301252031e-05,4.21981749331e-05,3.79811597553e-05,0.499999970937,0
-3.53603290507e-05,0.0,0.999999999375,0.0,1.0,0.0,-0.999999999375,0.0,-3.53603290507e-05,5.00212901565e-05,4.5022483064e-05,0.499999965411,0
-4.15288262855e-05,0.0,0.999999999138,0.0,1.0,0.0,-0.999999999138,0.0,-4.15288262855e-05,5.87473454275e-05,5.28765124209e-05,0.499999959196,0
-4.83691564672e-05,0.0,0.99999999883,0.0,1.0,0.0,-0.99999999883,0.0,-4.83691564672e-05,6.84237863341e-05,6.15859520181e-05,0.499999952241,0
-5.59146593783e-05,0.0,0.999999998437,0.0,1.0,0.0,-0.999999998437,0.0,-5.59146593783e-05,7.90977758547e-05,7.11932516824e-05,0.499999944492,0
-6.41984754073e-05,0.0,0.999999997939,0.0,1.0,0.0,-0.999999997939,0.0,-6.41984754073e-05,9.08161948988e-05,8.17406073625e-05,0.499999935892,0
-7.32535459313e-05,0.0,0.999999997317,0.0,1.0,0.0,-0.999999997317,0.0,-7.32535459313e-05,0.000103625642849,9.32699616173e-05,0.499999926381,0
-8.31126136995e-05,0.0,0.999999996546,0.0,1.0,0.0,-0.999999996546,0.0,-8.31126136995e-05,0.000117572438104,0.000105823004103,0.499999915893,0
-9.38082232158e-05,0.0,0.9999999956,0.0,1.0,0.0,-0.9999999956,0.0,-9.38082232158e-05,0.000132702618616,0.000119441172062,0.499999904359,0
-0.000105372721122,0.0,0.999999994448,0.0,1.0,0.0,-0.999999994448,0.0,-0.000105372721122,0.000149061942437,0.000134165650809,0.499999891707,0
-0.00011783825658,0.0,0.999999993057,0.0,1.0,0.0,-0.999999993057,0.0,-0.00011783825658,0.000166695888256,0.00015003737422,0.499999877857,0
-0.000131236781656,0.0,0.999999991388,0.0,1.0,0.0,-0.999999991388,0.0,-0.000131236781656,0.000185649655945,0.000167097025221,0.499999862726,0
-0.000145600051701,0.0,0.9999999894,0.0,1.0,0.0,-0.9999999894,0.0,-0.000145600051701,0.000205968167095,0.000185385036271,0.499999846222,0
-0.000160959625738,0.0,0.999999987046,0.0,1.0,0.0,-0.999999987046,0.0,-0.000160959625738,0.000227696065562,0.000204941589858,0.499999828251,0
-0.000177346866839,0.0,0.999999984274,0.0,1.0,0.0,-0.999999984274,0.0,-0.000177346866839,0.000250877718005,0.000225806618978,0.49999980871,0
-0.000194792942512,0.0,0.999999981028,0.0,1.0,0.0,-0.999999981028,0.0,-0.000194792942512,0.000275557214427,0.000248019807629,0.499999787489,0
-0.000213328825082,0.0,0.999999977245,0.0,1.0,0.0,-0.999999977245,0.0,-0.000213328825082,0.000301778368721,0.000271620591295,0.49999976447,0
-0.000232985292074,0.0,0.999999972859,0.0,1.0,0.0,-0.999999972859,0.0,-0.000232985292074,0.000329584719203,0.000296648157437,0.499999739529,0
-0.000253792926596,0.0,0.999999967795,0.0,1.0,0.0,-0.999999967795,0.0,-0.000253792926596,0.000359019529159,0.000323141445978,0.499999712531,0
-0.00027578211772,0.0,0.999999961972,0.0,1.0,0.0,-0.999999961972,0.0,-0.00027578211772,0.000390125787385,0.000351139149792,0.499999683335,0
-0.000298983060867,0.0,0.999999955305,0.0,1.0,0.0,-0.999999955305,0.0,-0.000298983060867,0.000422946208725,0.00038067971519,0.499999651788,0
-0.000323425758186,0.0,0.999999947698,0.0,1.0,0.0,-0.999999947698,0.0,-0.000323425758186,0.000457523234613,0.000411801342413,0.499999617729,0
-0.00034914001894,0.0,0.999999939051,0.0,1.0,0.0,-0.999999939051,0.0,-0.00034914001894,0.000493899033614,0.000444541986112,0.499999580986,0
-0.000376155459884,0.0,0.999999929254,0.0,1.0,0.0,-0.999999929254,0.0,-0.000376155459884,0.000532115501966,0.000478939355842,0.499999541377,0
-0.000404501505652,0.0,0.999999918189,0.0,1.0,0.0,-0.999999918189,0.0,-0.000404501505652,0.000572214264115,0.000515030916548,0.499999498706,0
-0.000434207389135,0.0,0.999999905732,0.0,1.0,0.0,-0.999999905732,0.0,-0.000434207389135,0.000614236673261,0.000552853889051,0.499999452769,0
-0.000465302151864,0.0,0.999999891747,0.0,1.0,0.0,-0.999999891747,0.0,-0.000465302151864,0.000658223811892,0.000592445250538,0.499999403346,0
-0.000497814644395,0.0,0.99999987609,0.0,1.0,0.0,-0.99999987609,0.0,-0.000497814644395,0.000704216492331,0.000633841735047,0.499999350208,0
-0.000531773526684,0.0,0.999999858608,0.0,1.0,0.0,-0.999999858608,0.0,-0.000531773526684,0.000752255257269,0.00067707983396,0.499999293109,0
-0.000567207268475,0.0,0.999999839138,0.0,1.0,0.0,-0.999999839138,0.0,-0.000567207268475,0.000802380380307,0.000722195796484,0.499999231791,0
-0.00060414414968,0.0,0.999999817505,0.0,1.0,0.0,-0.999999817505,0.0,-0.00060414414968,0.000854631866497,0.000769225630144,0.499999165981,0
-0.000642612260756,0.0,0.999999793525,0.0,1.0,0.0,-0.999999793525,0.0,-0.000642612260756,0.000909049452879,0.000818205101269,0.499999095391,0
-0.000682639503093,0.0,0.999999767002,0.0,1.0,0.0,-0.999999767002,0.0,-0.000682639503093,0.000965672609019,0.000869169735479,0.499999019718,0
-0.00072425358939,0.0,0.999999737728,0.0,1.0,0.0,-0.999999737728,0.0,-0.00072425358939,0.00102454053755,0.000922154818172,0.499998938641,0
-0.000767482044037,0.0,0.999999705486,0.0,1.0,0.0,-0.999999705486,0.0,-0.000767482044037,0.00108569217471,0.000977195395016,0.499998851826,0
-0.000812352203497,0.0,0.999999670042,0.0,1.0,0.0,-0.999999670042,0.0,-0.000812352203497,0.00114916619088,0.00103432627243,0.499998758917,0
-0.000858891216686,0.0,0.999999631153,0.0,1.0,0.0,-0.999999631153,0.0,-0.000858891216686,0.00121500099111,0.00109358201808,0.499998659544,0
-0.000907126045353,0.0,0.999999588561,0.0,1.0,0.0,-0.999999588561,0.0,-0.000907126045353,0.0012832347157,0.00115499696137,0.499998553316,0
-0.00095708346446,0.0,0.999999541996,0.0,1.0,0.0,-0.999999541996,0.0,-0.00095708346446,0.00135390524066,0.0012186051939,0.499998439826,0
-0.00100879006256,0.0,0.999999491171,0.0,1.0,0.0,-0.999999491171,0.0,-0.00100879006256,0.00142705017833,0.00128444056998,0.499998318643,0
-0.00106227224219,0.0,0.999999435789,0.0,1.0,0.0,-0.999999435789,0.0,-0.00106227224219,0.00150270687786,0.00135253670715,0.49999818932,0
-0.00111755622022,0.0,0.999999375534,0.0,1.0,0.0,-0.999999375534,0.0,-0.00111755622022,0.00158091242579,0.00142292698658,0.499998051387,0
-0.00117466802826,0.0,0.999999310077,0.0,1.0,0.0,-0.999999310077,0.0,-0.00117466802826,0.00166170364652,0.00149564455365,0.499997904353,0
-0.00123363351305,0.0,0.999999239074,0.0,1.0,0.0,-0.999999239074,0.0,-0.00123363351305,0.00174511710293,0.00157072231836,0.499997747705,0
-0.00129447833679,0.0,0.999999162163,0.0,1.0,0.0,-0.999999162163,0.0,-0.00129447833679,0.00183118909684,0.0016481929559,0.499997580909,0
-0.00135722797758,0.0,0.999999078966,0.0,1.0,0.0,-0.999999078966,0.0,-0.00135722797758,0.00191995566962,0.00172808890704,0.499997403406,0
-0.00142190772972,0.0,0.999998989089,0.0,1.0,0.0,-0.999998989089,0.0,-0.00142190772972,0.00201145260264,0.00181044237872,0.499997214613,0
-0.00148854270419,0.0,0.99999889212,0.0,1.0,0.0,-0.99999889212,0.0,-0.00148854270419,0.00210571541787,0.00189528534445,0.499997013924,0
-0.00155715782894,0.0,0.999998787629,0.0,1.0,0.0,-0.999998787629,0.0,-0.00155715782894,0.00220277937839,0.00198264954487,0.499996800707,0
-0.0016277778493,0.0,0.999998675169,0.0,1.0,0.0,-0.999998675169,0.0,-0.0016277778493,0.00230267948893,0.00207256648816,0.499996574305,0
-0.00170042732837,0.0,0.999998554272,0.0,1.0,0.0,-0.999998554272,0.0,-0.00170042732837,0.00240545049639,0.00216506745062,0.499996334035,0
-0.00177513064737,0.0,0.999998424454,0.0,1.0,0.0,-0.999998424454,0.0,-0.00177513064737,0.00251112689039,0.00226018347706,0.499996079187,0
-0.00185191200605,0.0,0.999998285209,0.0,1.0,0.0,-0.999998285209,0.0,-0.00185191200605,0.00261974290378,0.00235794538139,0.499995809022,0
-0.00193079542303,0.0,0.999998136013,0.0,1.0,0.0,-0.999998136013,0.0,-0.00193079542303,0.0027313325132,0.002458383747,0.499995522776,0
-0.0020118047362,0.0,0.999997976319,0.0,1.0,0.0,-0.999997976319,0.0,-0.0020118047362,0.00284592943958,0.00256152892735,0.499995219654,0
-0.00209496360308,0.0,0.999997805561,0.0,1.0,0.0,-0.999997805561,0.0,-0.00209496360308,0.00296356714871,0.00266741104638,0.499994898832,0
-0.00218029550122,0.0,0.999997623153,0.0,1.0,0.0,-0.999997623153,0.0,-0.00218029550122,0.00308427885174,0.00277605999903,0.499994559457,0
-0.00226782372854,0.0,0.999997428484,0.0,1.0,0.0,-0.999997428484,0.0,-0.00226782372854,0.0032080975057,0.00288750545174,0.499994200646,0
-0.00235757140374,0.0,0.999997220925,0.0,1.0,0.0,-0.999997220925,0.0,-0.00235757140374,0.00333505581407,0.00300177684291,0.499993821483,0
-0.00244956146663,0.0,0.99999699982,0.0,1.0,0.0,-0.99999699982,0.0,-0.00244956146663,0.00346518622726,0.00311890338341,0.499993421021,0
-0.00254381667857,0.0,0.999996764493,0.0,1.0,0.0,-0.999996764493,0.0,-0.00254381667857,0.0035985209432,0.00323891405706,0.499992998282,0
-0.00264035962275,0.0,0.999996514244,0.0,1.0,0.0,-0.999996514244,0.0,-0.00264035962275,0.00373509190779,0.00336183762111,0.499992552253,0
-0.00273921270468,0.0,0.99999624835,0.0,1.0,0.0,-0.99999624835,0.0,-0.00273921270468,0.0038749308155,0.00348770260673,0.499992081889,0
-0.00284039815243,0.0,0.999995966061,0.0,1.0,0.0,-0.999995966061,0.0,-0.00284039815243,0.00401806910984,0.00361653731952,0.499991586111,0
-0.00294393801712,0.0,0.999995666605,0.0,1.0,0.0,-0.999995666605,0.0,-0.00294393801712,0.00416453798392,0.00374836983995,0.499991063803,0
-0.00304985417322,0.0,0.999995349184,0.0,1.0,0.0,-0.999995349184,0.0,-0.00304985417322,0.00431436838096,0.00388322802391,0.499990513817,0
-0.00315816831895,0.0,0.999995012974,0.0,1.0,0.0,-0.999995012974,0.0,-0.00315816831895,0.00446759099482,0.00402113950315,0.499989934966,0
-0.00326890197663,0.0,0.999994657126,0.0,1.0,0.0,-0.999994657126,0.0,-0.00326890197663,0.00462423627052,0.00416213168578,0.499989326028,0
-0.00338207649308,0.0,0.999994280763,0.0,1.0,0.0,-0.999994280763,0.0,-0.00338207649308,0.00478433440478,0.00430623175677,0.499988685743,0
-0.00349771303994,0.0,0.999993882983,0.0,1.0,0.0,-0.999993882983,0.0,-0.00349771303994,0.00494791534649,0.00445346667843,0.499988012815,0
-0.00361583261411,0.0,0.999993462856,0.0,1.0,0.0,-0.999993462856,0.0,-0.00361583261411,0.0051150087973,0.00460386319087,0.499987305907,0
-0.00373645603805,0.0,0.999993019424,0.0,1.0,0.0,-0.999993019424,0.0,-0.00373645603805,0.00528564421209,0.00475744781255,0.499986563645,0
-0.00385960396019,0.0,0.999992551701,0.0,1.0,0.0,-0.999992551701,0.0,-0.00385960396019,0.00545985079952,0.00491424684072,0.499985784614,0
-0.00398529685527,0.0,0.999992058673,0.0,1.0,0.0,-0.999992058673,0.0,-0.00398529685527,0.00563765752252,0.00507428635191,0.499984967361,0
-0.00411355502473,0.0,0.999991539297,0.0,1.0,0.0,-0.999991539297,0.0,-0.00411355502473,0.00581909309885,0.00523759220243,0.49998411039,0
-0.00424439859706,0.0,0.9999909925,0.0,1.0,0.0,-0.9999909925,0.0,-0.00424439859706,0.00600418600157,0.00540419002887,0.499983212164,0
-0.00437784752818,0.0,0.99999041718,0.0,1.0,0.0,-0.99999041718,0.0,-0.00437784752818,0.00619296445958,0.00557410524855,0.499982271106,0
-0.00451392160178,0.0,0.999989812204,0.0,1.0,0.0,-0.999989812204,0.0,-0.00451392160178,0.00638545645814,0.00574736306005,0.499981285594,0
-0.00465264042971,0.0,0.99998917641,0.0,1.0,0.0,-0.99998917641,0.0,-0.00465264042971,0.00658168973938,0.00592398844367,0.499980253966,0
-0.00479402345233,0.0,0.999988508604,0.0,1.0,0.0,-0.999988508604,0.0,-0.00479402345233,0.00678169180281,0.00610400616192,0.499979174512,0
-0.00493808993888,0.0,0.99998780756,0.0,1.0,0.0,-0.99998780756,0.0,-0.00493808993888,0.00698548990584,0.00628744076004,0.499978045483,0
-0.00508485898784,0.0,0.999987072021,0.0,1.0,0.0,-0.999987072021,0.0,-0.00508485898784,0.00719311106427,0.00647431656642,0.499976865081,0
-0.00523434952727,0.0,0.999986300699,0.0,1.0,0.0,-0.999986300699,0.0,-0.00523434952727,0.00740458205284,0.00666465769317,0.499975631464,0
-0.00538658031522,0.0,0.999985492271,0.0,1.0,0.0,-0.999985492271,0.0,-0.00538658031522,0.0076199294057,0.00685848803654,0.499974342746,0
-0.00554156994003,0.0,0.999984645383,0.0,1.0,0.0,-0.999984645383,0.0,-0.00554156994003,0.00783917941696,0.00705583127745,0.499972996992,0
-0.00569933682076,0.0,0.999983758648,0.0,1.0,0.0,-0.999983758648,0.0,-0.00569933682076,0.00806235814115,0.00725671088196,0.499971592221,0
-0.00585989920746,0.0,0.999982830643,0.0,1.0,0.0,-0.999982830643,0.0,-0.00585989920746,0.00828949139378,0.00746115010176,0.499970126406,0
-0.00602327518162,0.0,0.999981859914,0.0,1.0,0.0,-0.999981859914,0.0,-0.00602327518162,0.00852060475178,0.00766917197464,0.499968597469,0
-0.00618948265646,0.0,0.999980844969,0.0,1.0,0.0,-0.999980844969,0.0,-0.00618948265646,0.00875572355409,0.00788079932503,0.499967003286,0
-0.00635853937732,0.0,0.999979784284,0.0,1.0,0.0,-0.999979784284,0.0,-0.00635853937732,0.00899487290209,0.00809605476443,0.499965341683,0
-0.006530462922,0.0,0.9999786763,0.0,1.0,0.0,-0.9999786763,0.0,-0.006530462922,0.00923807766013,0.00831496069193,0.499963610436,0
-0.00670527070112,0.0,0.99997751942,0.0,1.0,0.0,-0.99997751942,0.0,-0.00670527070112,0.00948536245605,0.00853753929469,0.499961807271,0
-0.00688297995849,0.0,0.999976312013,0.0,1.0,0.0,-0.999976312013,0.0,-0.00688297995849,0.00973675168165,0.00876381254842,0.499959929865,0
-0.00706360777144,0.0,0.999975052411,0.0,1.0,0.0,-0.999975052411,0.0,-0.00706360777144,0.00999226949321,0.00899380221788,0.499957975841,0
-0.00724717105118,0.0,0.999973738911,0.0,1.0,0.0,-0.999973738911,0.0,-0.00724717105118,0.010251939812,0.00922752985736,0.499955942773,0
-0.00743368654316,0.0,0.99997236977,0.0,1.0,0.0,-0.99997236977,0.0,-0.00743368654316,0.0105157863247,0.00946501681117,0.499953828182,0
-0.00762317082742,0.0,0.999970943211,0.0,1.0,0.0,-0.999970943211,0.0,-0.00762317082742,0.010783832484,0.00970628421414,0.499951629535,0
-0.00781564031891,0.0,0.999969457417,0.0,1.0,0.0,-0.999969457417,0.0,-0.00781564031891,0.011056101509,0.00995135299208,0.499949344248,0
-0.0080111112679,0.0,0.999967910533,0.0,1.0,0.0,-0.999967910533,0.0,-0.0080111112679,0.011332616386,0.0102002438623,0.499946969683,0
-0.00820959976026,0.0,0.999966300668,0.0,1.0,0.0,-0.999966300668,0.0,-0.00820959976026,0.0116133998683,0.0104529773341,0.499944503146,0
-0.00841112171788,0.0,0.99996462589,0.0,1.0,0.0,-0.99996462589,0.0,-0.00841112171788,0.0118984744775,0.0107095737091,0.499941941891,0
-0.00861569289893,0.0,0.999962884229,0.0,1.0,0.0,-0.999962884229,0.0,-0.00861569289893,0.0121878625036,0.0109700530821,0.499939283116,0
-0.00882332889831,0.0,0.999961073676,0.0,1.0,0.0,-0.999961073676,0.0,-0.00882332889831,0.0124815860053,0.0112344353411,0.499936523964,0
-0.00903404514788,0.0,0.999959192181,0.0,1.0,0.0,-0.999959192181,0.0,-0.00903404514788,0.012779666811,0.0115027401682,0.499933661521,0
-0.00924785691692,0.0,0.999957237657,0.0,1.0,0.0,-0.999957237657,0.0,-0.00924785691692,0.0130821265186,0.0117749870399,0.499930692817,0
-0.00946477931237,0.0,0.999955207973,0.0,1.0,0.0,-0.999955207973,0.0,-0.00946477931237,0.0133889864969,0.0120511952275,0.499927614828,0
-0.00968482727926,0.0,0.999953100961,0.0,1.0,0.0,-0.999953100961,0.0,-0.00968482727926,0.0137002678851,0.0123313837977,0.499924424468,0
-0.00990801560098,0.0,0.999950914409,0.0,1.0,0.0,-0.999950914409,0.0,-0.00990801560098,0.014015991594,0.0126155716131,0.499921118598,0
-0.0101343588997,0.0,0.999948646066,0.0,1.0,0.0,-0.999948646066,0.0,-0.0101343588997,0.0143361783062,0.0129037773326,0.499917694018,0
-0.0103638716365,0.0,0.99994629364,0.0,1.0,0.0,-0.99994629364,0.0,-0.0103638716365,0.0146608484765,0.0131960194122,0.499914147471,0
-0.0105965681122,0.0,0.999943854796,0.0,1.0,0.0,-0.999943854796,0.0,-0.0105965681122,0.0149900223325,0.0134923161049,0.499910475641,0
-0.010832462467,0.0,0.999941327157,0.0,1.0,0.0,-0.999941327157,0.0,-0.010832462467,0.0153237198753,0.0137926854617,0.499906675152,0
-0.0110715686814,0.0,0.999938708305,0.0,1.0,0.0,-0.999938708305,0.0,-0.0110715686814,0.0156619608794,0.0140971453319,0.49990274257,0
-0.0113139005763,0.0,0.999935995779,0.0,1.0,0.0,-0.999935995779,0.0,-0.0113139005763,0.0160047648938,0.0144057133636,0.4998986744,0
-0.0115594718134,0.0,0.999933187074,0.0,1.0,0.0,-0.999933187074,0.0,-0.0115594718134,0.016352151242,0.0147184070041,0.499894467087,0
-0.0118082958952,0.0,0.999930279644,0.0,1.0,0.0,-0.999930279644,0.0,-0.0118082958952,0.0167041390228,0.0150352435007,0.499890117015,0
-0.0120603861661,0.0,0.999927270898,0.0,1.0,0.0,-0.999927270898,0.0,-0.0120603861661,0.0170607471106,0.0153562399006,0.499885620508,0
-0.0123157558118,0.0,0.999924158203,0.0,1.0,0.0,-0.999924158203,0.0,-0.0123157558118,0.0174219941558,0.0156814130522,0.499880973826,0
-0.0125744178605,0.0,0.999920938882,0.0,1.0,0.0,-0.999920938882,0.0,-0.0125744178605,0.0177878985854,0.0160107796047,0.499876173171,0
-0.0128363851824,0.0,0.999917610214,0.0,1.0,0.0,-0.999917610214,0.0,-0.0128363851824,0.0181584786037,0.0163443560093,0.499871214681,0
-0.0131016704907,0.0,0.999914169432,0.0,1.0,0.0,-0.999914169432,0.0,-0.0131016704907,0.0185337521921,0.0166821585194,0.49986609443,0
-0.0133702863418,0.0,0.999910613727,0.0,1.0,0.0,-0.999910613727,0.0,-0.0133702863418,0.0189137371103,0.017024203191,0.499860808433,0
-0.0136422451352,0.0,0.999906940244,0.0,1.0,0.0,-0.999906940244,0.0,-0.0136422451352,0.0192984508963,0.0173705058833,0.499855352639,0
-0.0139175591142,0.0,0.999903146084,0.0,1.0,0.0,-0.999903146084,0.0,-0.0139175591142,0.0196879108669,0.0177210822592,0.499849722935,0
-0.0141962403664,0.0,0.999899228302,0.0,1.0,0.0,-0.999899228302,0.0,-0.0141962403664,0.0200821341185,0.0180759477859,0.499843915144,0
-0.0144783008235,0.0,0.999895183909,0.0,1.0,0.0,-0.999895183909,0.0,-0.0144783008235,0.020481137527,0.018435117735,0.499837925026,0
-0.014763752262,0.0,0.99989100987,0.0,1.0,0.0,-0.99989100987,0.0,-0.014763752262,0.0208849377489,0.0187986071834,0.499831748276,0
-0.0150526063035,0.0,0.999886703104,0.0,1.0,0.0,-0.999886703104,0.0,-0.0150526063035,0.0212935512212,0.0191664310137,0.499825380525,0
-0.0153448744148,0.0,0.999882260483,0.0,1.0,0.0,-0.999882260483,0.0,-0.0153448744148,0.0217069941622,0.0195386039144,0.499818817338,0
-0.0156405679085,0.0,0.999877678837,0.0,1.0,0.0,-0.999877678837,0.0,-0.0156405679085,0.0221252825716,0.0199151403807,0.499812054217,0
-0.0159396979431,0.0,0.999872954945,0.0,1.0,0.0,-0.999872954945,0.0,-0.0159396979431,0.0225484322316,0.0202960547151,0.499805086598,0
-0.0162422755234,0.0,0.999868085542,0.0,1.0,0.0,-0.999868085542,0.0,-0.0162422755234,0.0229764587067,0.0206813610273,0.499797909852,0
-0.016548311501,0.0,0.999863067318,0.0,1.0,0.0,-0.999863067318,0.0,-0.016548311501,0.0234093773442,0.0210710732353,0.499790519284,0
-0.0168578165741,0.0,0.999857896914,0.0,1.0,0.0,-0.999857896914,0.0,-0.0168578165741,0.0238472032752,0.0214652050656,0.499782910132,0
-0.0171708012886,0.0,0.999852570924,0.0,1.0,0.0,-0.999852570924,0.0,-0.0171708012886,0.0242899514145,0.0218637700538,0.49977507757,0
-0.0174872760375,0.0,0.999847085897,0.0,1.0,0.0,-0.999847085897,0.0,-0.0174872760375,0.0247376364611,0.0222667815451,0.499767016705,0
-0.0178072510621,0.0,0.999841438334,0.0,1.0,0.0,-0.999841438334,0.0,-0.0178072510621,0.0251902728991,0.0226742526944,0.499758722577,0
-0.0181307364515,0.0,0.999835624688,0.0,1.0,0.0,-0.999835624688,0.0,-0.0181307364515,0.0256478749975,0.0230861964674,0.49975019016,0
-0.0184577421437,0.0,0.999829641366,0.0,1.0,0.0,-0.999829641366,0.0,-0.0184577421437,0.026110456811,0.0235026256407,0.499741414361,0
-0.0187882779253,0.0,0.999823484727,0.0,1.0,0.0,-0.999823484727,0.0,-0.0187882779253,0.0265780321806,0.0239235528024,0.49973239002,0
-0.0191223534319,0.0,0.999817151083,0.0,1.0,0.0,-0.999817151083,0.0,-0.0191223534319,0.0270506147335,0.0243489903526,0.49972311191,0
-0.0194599781488,0.0,0.999810636696,0.0,1.0,0.0,-0.999810636696,0.0,-0.0194599781488,0.0275282178843,0.0247789505037,0.499713574736,0
-0.019801161411,0.0,0.999803937783,0.0,1.0,0.0,-0.999803937783,0.0,-0.019801161411,0.0280108548344,0.0252134452813,0.499703773136,0
-0.0201459124033,0.0,0.999797050512,0.0,1.0,0.0,-0.999797050512,0.0,-0.0201459124033,0.0284985385737,0.0256524865241,0.499693701682,0
-0.0204942401613,0.0,0.999789971004,0.0,1.0,0.0,-0.999789971004,0.0,-0.0204942401613,0.0289912818798,0.0260960858851,0.499683354876,0
-0.0208461535707,0.0,0.99978269533,0.0,1.0,0.0,-0.99978269533,0.0,-0.0208461535707,0.0294890973193,0.0265442548315,0.499672727153,0
-0.0212016613686,0.0,0.999775219514,0.0,1.0,0.0,-0.999775219514,0.0,-0.0212016613686,0.0299919972479,0.0269970046453,0.499661812881,0
-0.0215607721433,0.0,0.999767539533,0.0,1.0,0.0,-0.999767539533,0.0,-0.0215607721433,0.0304999938108,0.0274543464242,0.499650606358,0
-0.0219234943345,0.0,0.999759651314,0.0,1.0,0.0,-0.999759651314,0.0,-0.0219234943345,0.0310130989431,0.0279162910813,0.499639101817,0
-0.0222898362338,0.0,0.999751550737,0.0,1.0,0.0,-0.999751550737,0.0,-0.0222898362338,0.0315313243704,0.0283828493465,0.499627293419,0
-0.0226598059851,0.0,0.999743233632,0.0,1.0,0.0,-0.999743233632,0.0,-0.0226598059851,0.0320546816092,0.0288540317664,0.49961517526,0
-0.0230334115847,0.0,0.999734695782,0.0,1.0,0.0,-0.999734695782,0.0,-0.0230334115847,0.0325831819671,0.0293298487049,0.499602741367,0
-0.0234106608817,0.0,0.999725932922,0.0,1.0,0.0,-0.999725932922,0.0,-0.0234106608817,0.0331168365434,0.0298103103437,0.499589985697,0
-0.0237915615781,0.0,0.999716940738,0.0,1.0,0.0,-0.999716940738,0.0,-0.0237915615781,0.0336556562296,0.0302954266828,0.499576902141,0
-0.0241761212294,0.0,0.999707714866,0.0,1.0,0.0,-0.999707714866,0.0,-0.0241761212294,0.0341996517096,0.0307852075411,0.499563484519,0
-0.0245643472448,0.0,0.999698250896,0.0,1.0,0.0,-0.999698250896,0.0,-0.0245643472448,0.0347488334602,0.0312796625567,0.499549726585,0
-0.0249562468873,0.0,0.999688544368,0.0,1.0,0.0,-0.999688544368,0.0,-0.0249562468873,0.0353032117518,0.0317788011876,0.499535622023,0
-0.0253518272742,0.0,0.999678590775,0.0,1.0,0.0,-0.999678590775,0.0,-0.0253518272742,0.0358627966481,0.0322826327119,0.49952116445,0
-0.0257510953775,0.0,0.999668385559,0.0,1.0,0.0,-0.999668385559,0.0,-0.0257510953775,0.0364275980075,0.0327911662285,0.499506347413,0
-0.0261540580236,0.0,0.999657924116,0.0,1.0,0.0,-0.999657924116,0.0,-0.0261540580236,0.0369976254825,0.0333044106575,0.499491164391,0
-0.0265607218945,0.0,0.999647201793,0.0,1.0,0.0,-0.999647201793,0.0,-0.0265607218945,0.037572888521,0.0338223747409,0.499475608795,0
-0.0269710935273,0.0,0.999636213887,0.0,1.0,0.0,-0.999636213887,0.0,-0.0269710935273,0.0381533963659,0.0343450670427,0.499459673968,0
-0.0273851793149,0.0,0.999624955648,0.0,1.0,0.0,-0.999624955648,0.0,-0.0273851793149,0.0387391580564,0.0348724959498,0.499443353183,0
-0.0278029855061,0.0,0.999613422277,0.0,1.0,0.0,-0.999613422277,0.0,-0.0278029855061,0.0393301824275,0.035404669672,0.499426639646,0
-0.028224518206,0.0,0.999601608928,0.0,1.0,0.0,-0.999601608928,0.0,-0.028224518206,0.039926478111,0.035941596243,0.499409526495,0
-0.0286497833764,0.0,0.999589510706,0.0,1.0,0.0,-0.999589510706,0.0,-0.0286497833764,0.0405280535357,0.0364832835208,0.4993920068,0
-0.0290787868357,0.0,0.999577122665,0.0,1.0,0.0,-0.999577122665,0.0,-0.0290787868357,0.0411349169278,0.0370297391876,0.499374073561,0
-0.0295115342596,0.0,0.999564439816,0.0,1.0,0.0,-0.999564439816,0.0,-0.0295115342596,0.0417470763116,0.0375809707512,0.499355719712,0
-0.0299480311811,0.0,0.999551457119,0.0,1.0,0.0,-0.999551457119,0.0,-0.0299480311811,0.0423645395092,0.0381369855447,0.499336938118,0
-0.030388282991,0.0,0.999538169485,0.0,1.0,0.0,-0.999538169485,0.0,-0.030388282991,0.0429873141417,0.0386977907276,0.499317721577,0
-0.030832294938,0.0,0.999524571778,0.0,1.0,0.0,-0.999524571778,0.0,-0.030832294938,0.0436154076291,0.0392633932857,0.499298062819,0
-0.031280072129,0.0,0.999510658816,0.0,1.0,0.0,-0.999510658816,0.0,-0.031280072129,0.0442488271908,0.0398338000321,0.499277954506,0
-0.0317316195295,0.0,0.999496425367,0.0,1.0,0.0,-0.999496425367,0.0,-0.0317316195295,0.0448875798462,0.0404090176074,0.499257389234,0
-0.0321869419639,0.0,0.999481866152,0.0,1.0,0.0,-0.999481866152,0.0,-0.0321869419639,0.0455316724147,0.0409890524803,0.499236359529,0
-0.0326460441156,0.0,0.999466975844,0.0,1.0,0.0,-0.999466975844,0.0,-0.0326460441156,0.0461811115165,0.0415739109481,0.499214857852,0
-0.0331089305273,0.0,0.99945174907,0.0,1.0,0.0,-0.99945174907,0.0,-0.0331089305273,0.0468359035727,0.0421635991369,0.499192876597,0
-0.0335756056014,0.0,0.999436180408,0.0,1.0,0.0,-0.999436180408,0.0,-0.0335756056014,0.0474960548061,0.0427581230027,0.499170408091,0
-0.0340460736005,0.0,0.99942026439,0.0,1.0,0.0,-0.99942026439,0.0,-0.0340460736005,0.0481615712408,0.0433574883311,0.499147444594,0
-0.0345203386469,0.0,0.999403995499,0.0,1.0,0.0,-0.999403995499,0.0,-0.0345203386469,0.0488324587036,0.0439617007387,0.499123978299,0
-0.0349984047238,0.0,0.999387368175,0.0,1.0,0.0,-0.999387368175,0.0,-0.0349984047238,0.0495087228237,0.0445707656726,0.499100001335,0
-0.0354802756749,0.0,0.999370376806,0.0,1.0,0.0,-0.999370376806,0.0,-0.0354802756749,0.0501903690331,0.0451846884117,0.499075505761,0
-0.0359659552052,0.0,0.999353015739,0.0,1.0,0.0,-0.999353015739,0.0,-0.0359659552052,0.0508774025675,0.0458034740667,0.499050483575,0
-0.0364554468807,0.0,0.99933527927,0.0,1.0,0.0,-0.99933527927,0.0,-0.0364554468807,0.0515698284661,0.0464271275808,0.499024926706,0
-0.0369487541292,0.0,0.99931716165,0.0,1.0,0.0,-0.99931716165,0.0,-0.0369487541292,0.0522676515724,0.0470556537303,0.498998827018,0
-0.0374458802403,0.0,0.999298657086,0.0,1.0,0.0,-0.999298657086,0.0,-0.0374458802403,0.0529708765343,0.0476890571247,0.498972176312,0
-0.0379468283656,0.0,0.999279759735,0.0,1.0,0.0,-0.999279759735,0.0,-0.0379468283656,0.0536795078047,0.0483273422075,0.498944966322,0
-0.0384516015193,0.0,0.999260463713,0.0,1.0,0.0,-0.999260463713,0.0,-0.0384516015193,0.0543935496418,0.0489705132567,0.498917188718,0
-0.0389602025781,0.0,0.999240763087,0.0,1.0,0.0,-0.999240763087,0.0,-0.0389602025781,0.0551130061095,0.049618574385,0.498888835107,0
-0.0394726342817,0.0,0.99922065188,0.0,1.0,0.0,-0.99922065188,0.0,-0.0394726342817,0.0558378810776,0.0502715295407,0.498859897028,0
-0.0399888992331,0.0,0.999200124068,0.0,1.0,0.0,-0.999200124068,0.0,-0.0399888992331,0.0565681782227,0.0509293825077,0.498830365962,0
-0.0405089998987,0.0,0.999179173586,0.0,1.0,0.0,-0.999179173586,0.0,-0.0405089998987,0.0573039010278,0.0515921369066,0.498800233322,0
-0.0410329386085,0.0,0.999157794319,0.0,1.0,0.0,-0.999157794319,0.0,-0.0410329386085,0.0580450527835,0.0522597961947,0.498769490459,0
-0.0415607175568,0.0,0.999135980113,0.0,1.0,0.0,-0.999135980113,0.0,-0.0415607175568,0.0587916365877,0.0529323636664,0.498738128662,0
-0.042092338802,0.0,0.999113724765,0.0,1.0,0.0,-0.999113724765,0.0,-0.042092338802,0.0595436553465,0.0536098424542,0.498706139158,0
-0.0426278042671,0.0,0.999091022031,0.0,1.0,0.0,-0.999091022031,0.0,-0.0426278042671,0.0603011117743,0.0542922355289,0.498673513109,0
-0.04316711574,0.0,0.999067865622,0.0,1.0,0.0,-0.999067865622,0.0,-0.04316711574,0.0610640083941,0.0549795456999,0.498640241618,0
-0.0437102748735,0.0,0.999044249205,0.0,1.0,0.0,-0.999044249205,0.0,-0.0437102748735,0.0618323475381,0.0556717756161,0.498606315726,0
-0.044257283186,0.0,0.999020166406,0.0,1.0,0.0,-0.999020166406,0.0,-0.044257283186,0.0626061313482,0.0563689277661,0.498571726412,0
-0.0448081420613,0.0,0.998995610804,0.0,1.0,0.0,-0.998995610804,0.0,-0.0448081420613,0.0633853617757,0.0570710044787,0.498536464593,0
-0.0453628527493,0.0,0.998970575938,0.0,1.0,0.0,-0.998970575938,0.0,-0.0453628527493,0.0641700405827,0.0577780079234,0.49850052113,0
-0.0459214163659,0.0,0.998945055305,0.0,1.0,0.0,-0.998945055305,0.0,-0.0459214163659,0.0649601693415,0.0584899401112,0.498463886819,0
-0.0464838338935,0.0,0.998919042359,0.0,1.0,0.0,-0.998919042359,0.0,-0.0464838338935,0.0657557494355,0.0592068028945,0.4984265524,0
-0.0470501061812,0.0,0.99889253051,0.0,1.0,0.0,-0.99889253051,0.0,-0.0470501061812,0.0665567820597,0.0599285979682,0.498388508552,0
-0.0476202339451,0.0,0.998865513129,0.0,1.0,0.0,-0.998865513129,0.0,-0.0476202339451,0.0673632682206,0.0606553268695,0.498349745896,0
-0.0481942177683,0.0,0.998837983546,0.0,1.0,0.0,-0.998837983546,0.0,-0.0481942177683,0.068175208737,0.0613869909793,0.498310254993,0
-0.0487720581016,0.0,0.998809935047,0.0,1.0,0.0,-0.998809935047,0.0,-0.0487720581016,0.0689926042401,0.0621235915218,0.498270026348,0
-0.0493537552636,0.0,0.99878136088,0.0,1.0,0.0,-0.99878136088,0.0,-0.0493537552636,0.069815455174,0.0628651295655,0.498229050409,0
-0.0499393094407,0.0,0.998752254252,0.0,1.0,0.0,-0.998752254252,0.0,-0.0499393094407,0.0706437617961,0.0636116060234,0.498187317565,0
-0.0505287206878,0.0,0.998722608328,0.0,1.0,0.0,-0.998722608328,0.0,-0.0505287206878,0.0714775241774,0.064363021654,0.498144818148,0
-0.0511219889283,0.0,0.998692416236,0.0,1.0,0.0,-0.998692416236,0.0,-0.0511219889283,0.0723167422031,0.065119377061,0.498101542437,0
-0.0517191139543,0.0,0.998661671064,0.0,1.0,0.0,-0.998661671064,0.0,-0.0517191139543,0.0731614155724,0.0658806726944,0.498057480652,0
-0.052320095427,0.0,0.998630365858,0.0,1.0,0.0,-0.998630365858,0.0,-0.052320095427,0.0740115437996,0.0666469088509,0.498012622961,0
-0.0529249328772,0.0,0.99859849363,0.0,1.0,0.0,-0.99859849363,0.0,-0.0529249328772,0.0748671262141,0.0674180856741,0.497966959474,0
-0.0535336257049,0.0,0.998566047349,0.0,1.0,0.0,-0.998566047349,0.0,-0.0535336257049,0.0757281619606,0.0681942031552,0.497920480248,0
-0.0541461731804,0.0,0.99853301995,0.0,1.0,0.0,-0.99853301995,0.0,-0.0541461731804,0.0765946499999,0.0689752611338,0.497873175288,0
-0.0547625744439,0.0,0.998499404326,0.0,1.0,0.0,-0.998499404326,0.0,-0.0547625744439,0.077466589109,0.0697612592974,0.497825034544,0
-0.0553828285059,0.0,0.998465193338,0.0,1.0,0.0,-0.998465193338,0.0,-0.0553828285059,0.0783439778816,0.0705521971832,0.497776047914,0
-0.056006934248,0.0,0.998430379804,0.0,1.0,0.0,-0.998430379804,0.0,-0.056006934248,0.0792268147284,0.0713480741776,0.497726205243,0
-0.0566348904222,0.0,0.998394956511,0.0,1.0,0.0,-0.998394956511,0.0,-0.0566348904222,0.0801150978774,0.0721488895169,0.497675496327,0
-0.0572666956522,0.0,0.998358916207,0.0,1.0,0.0,-0.998358916207,0.0,-0.0572666956522,0.0810088253744,0.0729546422882,0.497623910907,0
-0.0579023484329,0.0,0.998322251603,0.0,1.0,0.0,-0.998322251603,0.0,-0.0579023484329,0.0819079950835,0.0737653314294,0.497571438676,0
-0.058541847131,0.0,0.998284955378,0.0,1.0,0.0,-0.998284955378,0.0,-0.058541847131,0.0828126046872,0.07458095573,0.497518069278,0
-0.0591851899851,0.0,0.998247020174,0.0,1.0,0.0,-0.998247020174,0.0,-0.0591851899851,0.083722651687,0.0754015138313,0.497463792305,0
-0.0598323751064,0.0,0.998208438598,0.0,1.0,0.0,-0.998208438598,0.0,-0.0598323751064,0.0846381334035,0.0762270042271,0.497408597302,0
-0.0604834004782,0.0,0.998169203225,0.0,1.0,0.0,-0.998169203225,0.0,-0.0604834004782,0.0855590469772,0.0770574252643,0.497352473766,0
-0.0611382639571,0.0,0.998129306593,0.0,1.0,0.0,-0.998129306593,0.0,-0.0611382639571,0.0864853893685,0.0778927751431,0.497295411145,0
-0.0617969632723,0.0,0.99808874121,0.0,1.0,0.0,-0.99808874121,0.0,-0.0617969632723,0.0874171573582,0.0787330519176,0.497237398841,0
-0.0624594960267,0.0,0.998047499549,0.0,1.0,0.0,-0.998047499549,0.0,-0.0624594960267,0.0883543475482,0.0795782534963,0.49717842621,0
-0.0631258596967,0.0,0.998005574051,0.0,1.0,0.0,-0.998005574051,0.0,-0.0631258596967,0.0892969563611,0.0804283776427,0.49711848256,0
-0.0637960516325,0.0,0.997962957126,0.0,1.0,0.0,-0.997962957126,0.0,-0.0637960516325,0.0902449800416,0.0812834219756,0.497057557157,0
-0.0644700690587,0.0,0.997919641151,0.0,1.0,0.0,-0.997919641151,0.0,-0.0644700690587,0.0911984146559,0.0821433839696,0.496995639221,0
-0.065147909074,0.0,0.997875618473,0.0,1.0,0.0,-0.997875618473,0.0,-0.065147909074,0.0921572560928,0.0830082609558,0.496932717928,0
-0.0658295686522,0.0,0.997830881408,0.0,1.0,0.0,-0.997830881408,0.0,-0.0658295686522,0.0931215000637,0.0838780501221,0.49686878241,0
-0.0665150446417,0.0,0.997785422241,0.0,1.0,0.0,-0.997785422241,0.0,-0.0665150446417,0.0940911421033,0.0847527485136,0.496803821757,0
-0.0672043337663,0.0,0.997739233228,0.0,1.0,0.0,-0.997739233228,0.0,-0.0672043337663,0.0950661775696,0.0856323530334,0.496737825019,0
-0.0678974326254,0.0,0.997692306597,0.0,1.0,0.0,-0.997692306597,0.0,-0.0678974326254,0.0960466016446,0.0865168604429,0.496670781202,0
-0.0685943376942,0.0,0.997644634545,0.0,1.0,0.0,-0.997644634545,0.0,-0.0685943376942,0.0970324093344,0.0874062673621,0.496602679273,0
-0.0692950453237,0.0,0.997596209242,0.0,1.0,0.0,-0.997596209242,0.0,-0.0692950453237,0.09802359547,0.0883005702704,0.496533508158,0
-0.0699995517416,0.0,0.997547022829,0.0,1.0,0.0,-0.997547022829,0.0,-0.0699995517416,0.0990201547072,0.0891997655071,0.496463256745,0
-0.070707853052,0.0,0.997497067423,0.0,1.0,0.0,-0.997497067423,0.0,-0.070707853052,0.100022081528,0.0901038492715,0.496391913883,0
-0.0714199452359,0.0,0.997446335109,0.0,1.0,0.0,-0.997446335109,0.0,-0.0714199452359,0.101029370238,0.0910128176239,0.496319468383,0
-0.0721358241517,0.0,0.99739481795,0.0,1.0,0.0,-0.99739481795,0.0,-0.0721358241517,0.102042014972,0.0919266664856,0.496245909018,0
-0.0728554855351,0.0,0.997342507982,0.0,1.0,0.0,-0.997342507982,0.0,-0.0728554855351,0.10306000969,0.0928453916398,0.496171224527,0
-0.0735789249993,0.0,0.997289397214,0.0,1.0,0.0,-0.997289397214,0.0,-0.0735789249993,0.104083348179,0.0937689887318,0.496095403611,0
-0.074306138036,0.0,0.997235477633,0.0,1.0,0.0,-0.997235477633,0.0,-0.074306138036,0.105112024053,0.0946974532697,0.496018434938,0
-0.0750371200148,0.0,0.9971807412,0.0,1.0,0.0,-0.9971807412,0.0,-0.0750371200148,0.106146030755,0.0956307806246,0.49594030714,0
-0.0757718661842,0.0,0.997125179852,0.0,1.0,0.0,-0.997125179852,0.0,-0.0757718661842,0.107185361555,0.0965689660316,0.495861008816,0
-0.0765103716712,0.0,0.997068785504,0.0,1.0,0.0,-0.997068785504,0.0,-0.0765103716712,0.108230009553,0.0975120045895,0.495780528534,0
-0.0772526314823,0.0,0.997011550048,0.0,1.0,0.0,-0.997011550048,0.0,-0.0772526314823,0.109279967675,0.0984598912622,0.495698854828,0
-0.0779986405031,0.0,0.996953465353,0.0,1.0,0.0,-0.996953465353,0.0,-0.0779986405031,0.110335228681,0.0994126208785,0.495615976202,0
-0.0787483934993,0.0,0.996894523268,0.0,1.0,0.0,-0.996894523268,0.0,-0.0787483934993,0.111395785158,0.100370188133,0.495531881129,0
-0.0795018851163,0.0,0.996834715619,0.0,1.0,0.0,-0.996834715619,0.0,-0.0795018851163,0.112461629522,0.101332587586,0.495446558052,0
-0.08025910988,0.0,0.996774034213,0.0,1.0,0.0,-0.996774034213,0.0,-0.08025910988,0.113532754024,0.102299813664,0.495359995386,0
-0.0810200621967,0.0,0.996712470837,0.0,1.0,0.0,-0.996712470837,0.0,-0.0810200621967,0.114609150741,0.103271860663,0.495272181517,0
-0.0817847363537,0.0,0.996650017258,0.0,1.0,0.0,-0.996650017258,0.0,-0.0817847363537,0.115690811584,0.104248722743,0.495183104805,0
-0.0825531265195,0.0,0.996586665224,0.0,1.0,0.0,-0.996586665224,0.0,-0.0825531265195,0.116777728297,0.105230393935,0.495092753583,0
-0.0833252267439,0.0,0.996522406466,0.0,1.0,0.0,-0.996522406466,0.0,-0.0833252267439,0.117869892455,0.106216868138,0.495001116158,0
-0.0841010309588,0.0,0.996457232696,0.0,1.0,0.0,-0.996457232696,0.0,-0.0841010309588,0.118967295465,0.107208139118,0.494908180812,0
-0.0848805329777,0.0,0.99639113561,0.0,1.0,0.0,-0.99639113561,0.0,-0.0848805329777,0.120069928568,0.108204200512,0.494813935803,0
-0.0856637264968,0.0,0.996324106886,0.0,1.0,0.0,-0.996324106886,0.0,-0.0856637264968,0.121177782838,0.109205045829,0.494718369367,0
-0.0864506050948,0.0,0.996256138189,0.0,1.0,0.0,-0.996256138189,0.0,-0.0864506050948,0.122290849185,0.110210668444,0.494621469715,0
-0.0872411622335,0.0,0.996187221165,0.0,1.0,0.0,-0.996187221165,0.0,-0.0872411622335,0.12340911835,0.111221061607,0.494523225039,0
-0.0880353912578,0.0,0.996117347448,0.0,1.0,0.0,-0.996117347448,0.0,-0.0880353912578,0.124532580912,0.112236218438,0.49442362351,0
-0.0888332853962,0.0,0.996046508656,0.0,1.0,0.0,-0.996046508656,0.0,-0.0888332853962,0.125661227283,0.113256131928,0.494322653277,0
-0.0896348377611,0.0,0.995974696395,0.0,1.0,0.0,-0.995974696395,0.0,-0.0896348377611,0.126795047713,0.114280794942,0.494220302472,0
-0.0904400413491,0.0,0.995901902258,0.0,1.0,0.0,-0.995901902258,0.0,-0.0904400413491,0.127934032286,0.115310200218,0.494116559208,0
-0.0912488890411,0.0,0.995828117824,0.0,1.0,0.0,-0.995828117824,0.0,-0.0912488890411,0.129078170923,0.116344340365,0.494011411582,0
-0.0920613736032,0.0,0.995753334662,0.0,1.0,0.0,-0.995753334662,0.0,-0.0920613736032,0.130227453383,0.11738320787,0.493904847672,0
-0.092877487686,0.0,0.995677544329,0.0,1.0,0.0,-0.995677544329,0.0,-0.092877487686,0.131381869262,0.11842679509,0.493796855542,0
-0.0936972238262,0.0,0.995600738372,0.0,1.0,0.0,-0.995600738372,0.0,-0.0936972238262,0.132541407993,0.119475094259,0.493687423242,0
-0.0945205744456,0.0,0.995522908328,0.0,1.0,0.0,-0.995522908328,0.0,-0.0945205744456,0.133706058848,0.120528097488,0.493576538807,0
-0.0953475318524,0.0,0.995444045725,0.0,1.0,0.0,-0.995444045725,0.0,-0.0953475318524,0.134875810939,0.121585796762,0.493464190258,0
-0.0961780882412,0.0,0.995364142082,0.0,1.0,0.0,-0.995364142082,0.0,-0.0961780882412,0.136050653215,0.122648183941,0.493350365607,0
-0.097012235693,0.0,0.995283188909,0.0,1.0,0.0,-0.995283188909,0.0,-0.097012235693,0.137230574467,0.123715250764,0.493235052853,0
-0.0978499661761,0.0,0.995201177712,0.0,1.0,0.0,-0.995201177712,0.0,-0.0978499661761,0.138415563324,0.124786988848,0.493118239984,0
-0.098691271546,0.0,0.995118099986,0.0,1.0,0.0,-0.995118099986,0.0,-0.098691271546,0.139605608256,0.125863389685,0.492999914979,0
-0.0995361435458,0.0,0.995033947224,0.0,1.0,0.0,-0.995033947224,0.0,-0.0995361435458,0.140800697576,0.126944444647,0.49288006581,0
-0.100384573807,0.0,0.99494871091,0.0,1.0,0.0,-0.99494871091,0.0,-0.100384573807,0.142000819437,0.128030144985,0.492758680441,0
-0.101236553848,0.0,0.994862382526,0.0,1.0,0.0,-0.994862382526,0.0,-0.101236553848,0.143205961833,0.12912048183,0.492635746827,0
